121.5 326.5 2.0 776 1.0
132.5 389.5 4.0 776 1.0
156.5 389.5 2.0 776 1.0
111.5 318.5 3.0 776 1.0
132.5 348.5 1.0 776 1.0
119.5 314.5 1.0 776 1.0
132.5 353.5 1.0 776 1.0
122.5 238.5 2.0 776 1.0
118.5 293.5 3.0 776 1.0
153.5 389.5 1.0 776 1.0
145.5 374.5 1.0 776 1.0
127.5 358.5 3.0 776 1.0
119.5 275.5 1.0 776 1.0
120.5 246.5 2.0 776 1.0
107.5 317.5 4.0 776 1.0
136.5 377.5 4.0 776 1.0
116.5 290.5 1.0 776 1.0
120.5 284.5 3.0 776 1.0
113.5 290.5 2.0 776 1.0
128.5 346.5 3.0 776 1.0
132.5 347.5 2.0 776 1.0
117.5 274.5 4.0 776 1.0
121.5 334.5 4.0 776 1.0
164.5 399.5 2.0 776 1.0
118.5 256.5 1.0 776 1.0
116.5 307.5 4.0 776 1.0
103.5 278.5 4.0 776 1.0
107.5 290.5 4.0 776 1.0
138.5 368.5 2.0 776 1.0
113.5 289.5 2.0 776 1.0
140.5 375.5 3.0 776 1.0
133.5 376.5 4.0 776 1.0
150.5 387.5 2.0 776 1.0
119.5 340.5 1.0 776 1.0
125.5 363.5 4.0 776 1.0
143.5 378.5 3.0 776 1.0
129.5 349.5 2.0 776 1.0
150.5 384.5 2.0 776 1.0
138.5 370.5 3.0 776 1.0
122.5 264.5 2.0 776 1.0
140.5 383.5 1.0 776 1.0
107.5 342.5 4.0 776 1.0
112.5 312.5 4.0 776 1.0
126.5 338.5 3.0 776 1.0
138.5 368.5 3.0 776 1.0
117.5 317.5 1.0 776 1.0
148.5 388.5 4.0 776 1.0
135.5 372.5 3.0 776 1.0
117.5 277.5 4.0 776 1.0
108.5 283.5 4.0 776 1.0
146.5 385.5 3.0 776 1.0
117.5 336.5 4.0 776 1.0
107.5 290.5 3.0 776 1.0
117.5 294.5 4.0 776 1.0
145.5 381.5 3.0 776 1.0
119.5 338.5 4.0 776 1.0
155.5 388.5 2.0 776 1.0
132.5 346.5 2.0 776 1.0
141.5 383.5 2.0 776 1.0
140.5 370.5 3.0 776 1.0
110.5 310.5 4.0 776 1.0
119.5 330.5 2.0 776 1.0
118.5 334.5 4.0 776 1.0
111.5 288.5 3.0 776 1.0
135.5 363.5 1.0 776 1.0
145.5 378.5 2.0 776 1.0
131.5 362.5 4.0 776 1.0
131.5 375.5 4.0 776 1.0
129.5 383.5 4.0 776 1.0
141.5 384.5 2.0 776 1.0
121.5 318.5 3.0 776 1.0
119.5 342.5 1.0 776 1.0
143.5 375.5 2.0 776 1.0
132.5 380.5 4.0 776 1.0
120.5 267.5 4.0 776 1.0
131.5 373.5 4.0 776 1.0
137.5 373.5 1.0 776 1.0
128.5 339.5 2.0 776 1.0
114.5 316.5 2.0 776 1.0
112.5 316.5 1.0 776 1.0
115.5 285.5 4.0 776 1.0
136.5 365.5 2.0 776 1.0
111.5 320.5 4.0 776 1.0
151.5 382.5 2.0 776 1.0
163.5 397.5 3.0 776 1.0
125.5 339.5 4.0 776 1.0
154.5 388.5 1.0 776 1.0
119.5 279.5 3.0 776 1.0
117.5 301.5 4.0 776 1.0
154.5 387.5 1.0 776 1.0
158.5 391.5 1.0 776 1.0
120.5 332.5 4.0 776 1.0
118.5 298.5 2.0 776 1.0
117.5 293.5 1.0 776 1.0
106.5 315.5 4.0 776 1.0
117.5 291.5 3.0 776 1.0
116.5 310.5 1.0 776 1.0
139.5 374.5 2.0 776 1.0
111.5 321.5 4.0 776 1.0
130.5 368.5 4.0 776 1.0
